/*--------------------------------*- C++ -*----------------------------------*\
  =========                 |
  \\      /  F ield         | OpenFOAM: The Open Source CFD Toolbox
   \\    /   O peration     | Website:  https://openfoam.org
    \\  /    A nd           | Version:  8
     \\/     M anipulation  |
\*---------------------------------------------------------------------------*/
FoamFile
{
    version     2.0;
    format      ascii;
    class       faceSet;
    location    "constant/solid/polyMesh/sets";
    object      negTerm_solid;
}
// * * * * * * * * * * * * * * * * * * * * * * * * * * * * * * * * * * * * * //


1396
(
98468 
98469 
98475 
98811 
98812 
98813 
98814 
98815 
98816 
98818 
99059 
99060 
99061 
99062 
99063 
99064 
99065 
99317 
99318 
99319 
99320 
99321 
99322 
99323 
99575 
99576 
99577 
99578 
99579 
99583 
99584 
99904 
99914 
100241 
100242 
100244 
100245 
100246 
100247 
100254 
100255 
100268 
100271 
100275 
100278 
100285 
100292 
100298 
100317 
100323 
100339 
100352 
100353 
100359 
100360 
100361 
100372 
100374 
100376 
100396 
100398 
100399 
100400 
100401 
100402 
100403 
100421 
100423 
100438 
100440 
100441 
100442 
100449 
100450 
100451 
100452 
100476 
100479 
100498 
100503 
100504 
100507 
100508 
100509 
100510 
100511 
100512 
100516 
100518 
100520 
100521 
100522 
100543 
100546 
100547 
100548 
100549 
100550 
100551 
100552 
100553 
100557 
100559 
100560 
100568 
100574 
100581 
100606 
100615 
100636 
100652 
100655 
100661 
100665 
100696 
100699 
100700 
100701 
100702 
100703 
100704 
100705 
100706 
100707 
100708 
100737 
100738 
100739 
100746 
100747 
100748 
100758 
100763 
100764 
100767 
100768 
100769 
100770 
100771 
100772 
100801 
100804 
100808 
100810 
100815 
100934 
100986 
100987 
100988 
100992 
100994 
100995 
101025 
101028 
101036 
101037 
101039 
101041 
101044 
101073 
101074 
101075 
101076 
101077 
101078 
101079 
101080 
101081 
101082 
101083 
101084 
101097 
101098 
101099 
101100 
101101 
101102 
101103 
101104 
101105 
101106 
101121 
101122 
101123 
101125 
101126 
101128 
101130 
101134 
101139 
101142 
101174 
101177 
101178 
101216 
101218 
101219 
101220 
101221 
101226 
101227 
101239 
101240 
101242 
101250 
101251 
101252 
101256 
101257 
101258 
101263 
101264 
101266 
101279 
101280 
101296 
101297 
101298 
101305 
101307 
101391 
101392 
101402 
101403 
101436 
101441 
101442 
101443 
101450 
101451 
101452 
101453 
101454 
101455 
101493 
101494 
101495 
101496 
101497 
101498 
101506 
101507 
101508 
101511 
101514 
101522 
101580 
101621 
101622 
101623 
101652 
101653 
101654 
101655 
101656 
101657 
101690 
101691 
101692 
101699 
101740 
101741 
101742 
101818 
101820 
101867 
101879 
101932 
101935 
101943 
101999 
102001 
102024 
102027 
102028 
102036 
102047 
102048 
102049 
102063 
102065 
102090 
102091 
102092 
102093 
102094 
102095 
102109 
102153 
102155 
102157 
102167 
102168 
102169 
102191 
102193 
102196 
102198 
102199 
102200 
102202 
102212 
102223 
102225 
102227 
102245 
102246 
102247 
102251 
102252 
102253 
102257 
102262 
102263 
102290 
102294 
102299 
102300 
102307 
102308 
102309 
102313 
102314 
102345 
102347 
102349 
102374 
102375 
102376 
102396 
102398 
102400 
102424 
102505 
102544 
102554 
102585 
102587 
102589 
102591 
102592 
102593 
102626 
102627 
102628 
102634 
102635 
102636 
102641 
102642 
102644 
102645 
102646 
102660 
102663 
102664 
102698 
102699 
102700 
102705 
102707 
102708 
102709 
102710 
102712 
102713 
102715 
102722 
102724 
102754 
102757 
102760 
102762 
102764 
102767 
102771 
102773 
102796 
102799 
102803 
102805 
102807 
102810 
102813 
102815 
102838 
102840 
102886 
102889 
102911 
102973 
102978 
102979 
103030 
103031 
103032 
103042 
103043 
103044 
103050 
103051 
103052 
103057 
103058 
103108 
103111 
103133 
103378 
103463 
103464 
103465 
103467 
103468 
103470 
103474 
103528 
103529 
103531 
103536 
103537 
103538 
103540 
103544 
103549 
103550 
103551 
103552 
103554 
103555 
103556 
103557 
103561 
103564 
103565 
103567 
103611 
103612 
103613 
103614 
103615 
103616 
103617 
103618 
103619 
103620 
103621 
103622 
103623 
103624 
103625 
103626 
103627 
103628 
103629 
103630 
103631 
103632 
103633 
103634 
103659 
103660 
103661 
103662 
103663 
103664 
103665 
103666 
103667 
103668 
103669 
103670 
103671 
103672 
103673 
103674 
103675 
103676 
103677 
103679 
103680 
103682 
103707 
103708 
103709 
103711 
103712 
103713 
103714 
103719 
103722 
103723 
103725 
103728 
103729 
103731 
103736 
103737 
103738 
103740 
103743 
103748 
103805 
103806 
103807 
103812 
103814 
103823 
104044 
104045 
104046 
104051 
104053 
104084 
104085 
104086 
104095 
104097 
104151 
104154 
104206 
104209 
104273 
104293 
104344 
104345 
104346 
104347 
104348 
104349 
104353 
104354 
104355 
104359 
104360 
104361 
104362 
104363 
104364 
104368 
104369 
104370 
104374 
104375 
104376 
104377 
104378 
104379 
104383 
104384 
104385 
104389 
104390 
104391 
104395 
104396 
104397 
104401 
104402 
104403 
104407 
104408 
104409 
104416 
104417 
104418 
104422 
104423 
104424 
104428 
104429 
104430 
104436 
104442 
104446 
104447 
104448 
104452 
104453 
104454 
104458 
104459 
104460 
104464 
104465 
104466 
104473 
104474 
104475 
104479 
104480 
104481 
104504 
104505 
104506 
104510 
104511 
104512 
104513 
104514 
104515 
104522 
104523 
104524 
104525 
104526 
104527 
104528 
104529 
104530 
104534 
104535 
104536 
104540 
104541 
104542 
104543 
104544 
104545 
104546 
104547 
104548 
104593 
104609 
104610 
104619 
104620 
104621 
104640 
104641 
104642 
104643 
104644 
104645 
104646 
104647 
104648 
104649 
104650 
104651 
104658 
104659 
104660 
104661 
104662 
104663 
104670 
104671 
104672 
104673 
104674 
104675 
104686 
104687 
104688 
104689 
104690 
104691 
104739 
104740 
104741 
104754 
104755 
104756 
104799 
104800 
104801 
104808 
104809 
104810 
104944 
104945 
104946 
104947 
104948 
104949 
104958 
104959 
104960 
104961 
104962 
104963 
105002 
105003 
105004 
105005 
105006 
105007 
105008 
105009 
105010 
105020 
105021 
105022 
105032 
105033 
105034 
105035 
105036 
105037 
105038 
105039 
105040 
105050 
105051 
105052 
105053 
105054 
105055 
105062 
105063 
105064 
105065 
105066 
105067 
105087 
105088 
105089 
105095 
105096 
105097 
105098 
105099 
105100 
105232 
105233 
105234 
105236 
105237 
105266 
105267 
105268 
105339 
105340 
105341 
105342 
105343 
105344 
105397 
105398 
105399 
105403 
105404 
105405 
105409 
105410 
105412 
105413 
105414 
105499 
105500 
105501 
105502 
105503 
105504 
105533 
105534 
105535 
105536 
105537 
105538 
105545 
105546 
105547 
105558 
105559 
105560 
105567 
105568 
105569 
105613 
105614 
105615 
105616 
105617 
105618 
105619 
105620 
105621 
105636 
105637 
105638 
105642 
105643 
105644 
105645 
105646 
105647 
105695 
105696 
105697 
105698 
105699 
105700 
105701 
105702 
105703 
105704 
105705 
105706 
105707 
105708 
105709 
105730 
105731 
105732 
105777 
105778 
105779 
105780 
105781 
105782 
105787 
105788 
105789 
105796 
105797 
105798 
105799 
105800 
105801 
105908 
105909 
105910 
105914 
105915 
105916 
105917 
105918 
105919 
105924 
105925 
105926 
105944 
105949 
105950 
105951 
105995 
105996 
105997 
106019 
106020 
106021 
106070 
106071 
106072 
106088 
106089 
106090 
106109 
106110 
106111 
106115 
106116 
106117 
106148 
106149 
106150 
106176 
106177 
106178 
106193 
106194 
106195 
106206 
106211 
106212 
106213 
106252 
106253 
106254 
106295 
106296 
106297 
106298 
106299 
106300 
106301 
106302 
106303 
106304 
106305 
106306 
106307 
106308 
106309 
106310 
106311 
106312 
106358 
106359 
106360 
106361 
106362 
106363 
106368 
106369 
106370 
106371 
106372 
106373 
106384 
106385 
106386 
106394 
106395 
106396 
106423 
106424 
106425 
106432 
106433 
106434 
106473 
106474 
106475 
106476 
106477 
106478 
106483 
106485 
106531 
106532 
106533 
106534 
106535 
106536 
106537 
106538 
106539 
106569 
106570 
106571 
106581 
106582 
106583 
106584 
106585 
106586 
106613 
106614 
106615 
106616 
106617 
106618 
106650 
106651 
106652 
106653 
106654 
106655 
106660 
106661 
106662 
106754 
106853 
106947 
106948 
106949 
106954 
106955 
106956 
106957 
106958 
106959 
107014 
107015 
107016 
107020 
107021 
107022 
107058 
107059 
107060 
107061 
107062 
107063 
107064 
107065 
107066 
107067 
107068 
107069 
107082 
107083 
107084 
107085 
107086 
107087 
107088 
107089 
107090 
107091 
107092 
107093 
107106 
107107 
107108 
107110 
107111 
107112 
107116 
107117 
107118 
107216 
107217 
107218 
107226 
107227 
107228 
107265 
107306 
107307 
107308 
107330 
107331 
107332 
107333 
107334 
107335 
107336 
107337 
107338 
107401 
107402 
107403 
107534 
107578 
107579 
107580 
107588 
107589 
107590 
107591 
107592 
107593 
91636 
91638 
91640 
91721 
91723 
91725 
91727 
91729 
91731 
91775 
91777 
91779 
91781 
91783 
91785 
91787 
91811 
91832 
91834 
91836 
91838 
91840 
91842 
91921 
92022 
92026 
92106 
92108 
92190 
92333 
92390 
92391 
92456 
92457 
92458 
92462 
92463 
92464 
92468 
92469 
92470 
92475 
92476 
92481 
92482 
92544 
92685 
92687 
92691 
92692 
92693 
92697 
92698 
92699 
92703 
92704 
92705 
92709 
92710 
92711 
92715 
92716 
92717 
92721 
92722 
92723 
92727 
92817 
92818 
92821 
92822 
92823 
92827 
92828 
92829 
92833 
92834 
92835 
92839 
92840 
92841 
92845 
92846 
92847 
92851 
92852 
92853 
92858 
92881 
92960 
92980 
93058 
93142 
93226 
93304 
93382 
93385 
93487 
93488 
93489 
93552 
93553 
93554 
93555 
93556 
93557 
93561 
93562 
93563 
93567 
93568 
93569 
93612 
93614 
93868 
93869 
93870 
93874 
93875 
93876 
93880 
93881 
93882 
93886 
93887 
93888 
93892 
93893 
93894 
93898 
93899 
93900 
93905 
93906 
93907 
93908 
93909 
93977 
94081 
94082 
94083 
94087 
94088 
94089 
94093 
94094 
94095 
94099 
94100 
94101 
94105 
94106 
94107 
94111 
94112 
94113 
94117 
94118 
94119 
94187 
94288 
94289 
94290 
94294 
94295 
94296 
94300 
94301 
94302 
94306 
94307 
94308 
94314 
94315 
94514 
94525 
94754 
94761 
94993 
94997 
95234 
95243 
95528 
95930 
95931 
95932 
95933 
95934 
95935 
95936 
95937 
96133 
96134 
96135 
96136 
96137 
96138 
96139 
96140 
96141 
96154 
96155 
96156 
96157 
96158 
96159 
96160 
96161 
96162 
96175 
96176 
96177 
96178 
96179 
96180 
96181 
96182 
96183 
96184 
96185 
96186 
96199 
96200 
96201 
96202 
96203 
96204 
96205 
96206 
96207 
96223 
96224 
96225 
96226 
96227 
96228 
96234 
96235 
96470 
97021 
97024 
97030 
97032 
97046 
97047 
97048 
97049 
97050 
97051 
97052 
97053 
97054 
97064 
97065 
97066 
97067 
97068 
97069 
97070 
97071 
97072 
97082 
97083 
97084 
97085 
97086 
97087 
97088 
97089 
97090 
97100 
97101 
97102 
97103 
97104 
97105 
97106 
97107 
97108 
97118 
97119 
97120 
97121 
97122 
97123 
97124 
97125 
97126 
97136 
97137 
97138 
97139 
97140 
97141 
97142 
97143 
97144 
97157 
97158 
97159 
97161 
97444 
97445 
97446 
97447 
97825 
97826 
97827 
97828 
97829 
97830 
97831 
97832 
97833 
97843 
97844 
97845 
97846 
97847 
97848 
97849 
97850 
97851 
97861 
97862 
97863 
97864 
97865 
97866 
97867 
97868 
97869 
97879 
97880 
97881 
97882 
97883 
97884 
97885 
97886 
97887 
97897 
97898 
97899 
97900 
97901 
97902 
97903 
97904 
97905 
97915 
97916 
97917 
97918 
97919 
97920 
97921 
97922 
97923 
97933 
97935 
)

// ************************************************************************* //
