/*--------------------------------*- C++ -*----------------------------------*\
  =========                 |
  \\      /  F ield         | OpenFOAM: The Open Source CFD Toolbox
   \\    /   O peration     | Website:  https://openfoam.org
    \\  /    A nd           | Version:  8
     \\/     M anipulation  |
\*---------------------------------------------------------------------------*/
FoamFile
{
    version     2.0;
    format      ascii;
    class       faceSet;
    location    "constant/solid/polyMesh/sets";
    object      posTerm_solid;
}
// * * * * * * * * * * * * * * * * * * * * * * * * * * * * * * * * * * * * * //


1404
(
98358 
98372 
98793 
98799 
98800 
98807 
99043 
99044 
99045 
99051 
99053 
99057 
99058 
99296 
99297 
99298 
99305 
99306 
99313 
99315 
99554 
99555 
99556 
99562 
99564 
99572 
99573 
99880 
99881 
99882 
99886 
99887 
99894 
99895 
100175 
100176 
100190 
100195 
100248 
100249 
100250 
100288 
100304 
100310 
100329 
100335 
100342 
100357 
100358 
100363 
100365 
100366 
100368 
100369 
100370 
100378 
100381 
100383 
100386 
100387 
100397 
100410 
100411 
100412 
100432 
100433 
100436 
100443 
100446 
100447 
100448 
100458 
100459 
100460 
100465 
100471 
100474 
100481 
100485 
100513 
100514 
100515 
100570 
100590 
100597 
100622 
100631 
100638 
100680 
100683 
100687 
100689 
100693 
100715 
100720 
100721 
100724 
100727 
100728 
100729 
100730 
100731 
100732 
100733 
100734 
100735 
100736 
100740 
100741 
100742 
100743 
100744 
100745 
100749 
100750 
100751 
100773 
100775 
100777 
100778 
100779 
100786 
100791 
100792 
100795 
100796 
100797 
100798 
100799 
100800 
100829 
100832 
100836 
100838 
100843 
100931 
100960 
100964 
101003 
101006 
101007 
101008 
101009 
101010 
101014 
101016 
101017 
101047 
101048 
101049 
101051 
101054 
101062 
101063 
101065 
101067 
101072 
101085 
101086 
101087 
101088 
101089 
101090 
101091 
101092 
101093 
101094 
101095 
101096 
101109 
101110 
101111 
101112 
101113 
101114 
101115 
101116 
101117 
101118 
101119 
101120 
101147 
101148 
101149 
101151 
101152 
101154 
101156 
101163 
101165 
101168 
101184 
101185 
101186 
101190 
101192 
101193 
101196 
101199 
101200 
101246 
101247 
101249 
101253 
101254 
101255 
101259 
101260 
101261 
101270 
101271 
101273 
101285 
101286 
101290 
101291 
101293 
101294 
101295 
101299 
101300 
101301 
101312 
101314 
101318 
101319 
101398 
101400 
101401 
101411 
101412 
101535 
101593 
101643 
101644 
101645 
101666 
101676 
101677 
101678 
101679 
101680 
101681 
101687 
101688 
101689 
101693 
101694 
101695 
101709 
101710 
101711 
101712 
101713 
101714 
101724 
101760 
101762 
101845 
101861 
101863 
101906 
101923 
101925 
101953 
101954 
101955 
101956 
101957 
101958 
101968 
101971 
101979 
102003 
102004 
102005 
102019 
102021 
102030 
102031 
102033 
102034 
102041 
102042 
102044 
102067 
102068 
102069 
102083 
102085 
102118 
102121 
102126 
102127 
102128 
102129 
102130 
102131 
102145 
102234 
102236 
102238 
102270 
102271 
102272 
102276 
102277 
102278 
102282 
102287 
102288 
102315 
102319 
102324 
102325 
102332 
102333 
102334 
102338 
102339 
102356 
102358 
102360 
102386 
102387 
102388 
102389 
102391 
102393 
102402 
102404 
102406 
102416 
102417 
102418 
102439 
102520 
102560 
102565 
102570 
102576 
102578 
102580 
102582 
102583 
102584 
102594 
102596 
102599 
102601 
102602 
102603 
102605 
102610 
102615 
102738 
102740 
102775 
102778 
102781 
102783 
102785 
102788 
102792 
102794 
102817 
102820 
102824 
102826 
102828 
102831 
102834 
102836 
102854 
102856 
102931 
102934 
102956 
102987 
102988 
102989 
102995 
102996 
102997 
103002 
103003 
103019 
103024 
103025 
103027 
103028 
103029 
103033 
103034 
103035 
103073 
103076 
103077 
103088 
103089 
103096 
103097 
103098 
103103 
103104 
103153 
103156 
103178 
103359 
103360 
103422 
103427 
103497 
103498 
103499 
103504 
103506 
103507 
103508 
103509 
103511 
103512 
103514 
103518 
103570 
103571 
103573 
103578 
103579 
103580 
103582 
103586 
103591 
103592 
103593 
103594 
103596 
103597 
103598 
103599 
103604 
103606 
103608 
103610 
103635 
103636 
103637 
103638 
103639 
103640 
103641 
103642 
103643 
103644 
103645 
103646 
103647 
103648 
103649 
103650 
103651 
103652 
103653 
103654 
103655 
103656 
103657 
103658 
103683 
103684 
103685 
103686 
103687 
103688 
103689 
103690 
103691 
103692 
103693 
103694 
103695 
103696 
103697 
103698 
103699 
103700 
103701 
103702 
103703 
103704 
103705 
103706 
103749 
103750 
103751 
103753 
103754 
103755 
103756 
103762 
103764 
103766 
103768 
103770 
103771 
103773 
103778 
103779 
103780 
103782 
103785 
103790 
103826 
103827 
103828 
103830 
103831 
103833 
103849 
103850 
103851 
103856 
103858 
103867 
104066 
104067 
104068 
104073 
104106 
104107 
104108 
104117 
104119 
104165 
104178 
104188 
104195 
104243 
104250 
104257 
104270 
104283 
104303 
104350 
104351 
104352 
104356 
104357 
104358 
104365 
104366 
104367 
104371 
104372 
104373 
104380 
104381 
104382 
104386 
104387 
104388 
104392 
104393 
104394 
104398 
104399 
104400 
104404 
104405 
104406 
104410 
104411 
104412 
104413 
104414 
104415 
104419 
104420 
104421 
104425 
104426 
104427 
104431 
104432 
104433 
104445 
104449 
104450 
104451 
104455 
104456 
104457 
104461 
104462 
104463 
104467 
104468 
104469 
104470 
104471 
104472 
104476 
104477 
104478 
104482 
104483 
104484 
104485 
104486 
104487 
104516 
104517 
104518 
104519 
104520 
104521 
104531 
104532 
104533 
104537 
104538 
104539 
104549 
104550 
104551 
104552 
104553 
104554 
104555 
104556 
104557 
104595 
104596 
104597 
104616 
104617 
104652 
104653 
104654 
104655 
104656 
104657 
104664 
104665 
104666 
104667 
104668 
104669 
104676 
104677 
104678 
104679 
104680 
104681 
104772 
104773 
104774 
104782 
104783 
104784 
104827 
104828 
104829 
104841 
104842 
104843 
104979 
104980 
104981 
104990 
104991 
104992 
104993 
104994 
104995 
104996 
104997 
104998 
104999 
105000 
105001 
105011 
105012 
105013 
105014 
105015 
105016 
105017 
105018 
105019 
105023 
105024 
105025 
105026 
105027 
105028 
105029 
105030 
105031 
105041 
105042 
105043 
105044 
105045 
105046 
105047 
105048 
105049 
105056 
105057 
105058 
105059 
105060 
105061 
105111 
105112 
105113 
105120 
105121 
105122 
105123 
105124 
105125 
105126 
105127 
105128 
105129 
105130 
105131 
105172 
105254 
105255 
105256 
105301 
105303 
105304 
105305 
105370 
105371 
105372 
105391 
105392 
105393 
105400 
105401 
105402 
105406 
105407 
105408 
105444 
105445 
105446 
105522 
105523 
105524 
105525 
105526 
105527 
105570 
105571 
105572 
105573 
105574 
105575 
105576 
105577 
105578 
105579 
105580 
105581 
105594 
105595 
105596 
105601 
105602 
105603 
105610 
105611 
105612 
105654 
105655 
105656 
105657 
105658 
105659 
105663 
105664 
105665 
105680 
105681 
105682 
105689 
105690 
105691 
105692 
105693 
105694 
105736 
105737 
105738 
105739 
105740 
105741 
105748 
105749 
105750 
105751 
105752 
105753 
105757 
105758 
105759 
105774 
105775 
105776 
105814 
105815 
105816 
105817 
105818 
105819 
105824 
105825 
105826 
105833 
105834 
105835 
105842 
105843 
105844 
105872 
105873 
105874 
105875 
105876 
105877 
106010 
106011 
106012 
106034 
106035 
106036 
106081 
106082 
106083 
106094 
106095 
106096 
106097 
106098 
106099 
106103 
106104 
106105 
106118 
106119 
106120 
106125 
106126 
106127 
106131 
106132 
106133 
106137 
106138 
106139 
106162 
106163 
106164 
106190 
106191 
106192 
106197 
106202 
106203 
106204 
106220 
106221 
106222 
106246 
106247 
106248 
106258 
106259 
106260 
106403 
106404 
106405 
106413 
106414 
106415 
106442 
106443 
106444 
106451 
106452 
106453 
106511 
106512 
106513 
106514 
106515 
106516 
106521 
106557 
106558 
106559 
106560 
106561 
106562 
106563 
106564 
106565 
106566 
106567 
106568 
106572 
106573 
106574 
106575 
106576 
106577 
106578 
106579 
106580 
106587 
106588 
106589 
106590 
106591 
106592 
106593 
106594 
106595 
106619 
106620 
106621 
106622 
106623 
106624 
106644 
106645 
106646 
106647 
106648 
106649 
106686 
106687 
106688 
106689 
106690 
106691 
106696 
106698 
106736 
106756 
106772 
106848 
106849 
106850 
106916 
106977 
106978 
106979 
106984 
106985 
106986 
106987 
106988 
106989 
107026 
107027 
107028 
107046 
107047 
107048 
107052 
107053 
107054 
107070 
107071 
107072 
107073 
107074 
107075 
107076 
107077 
107078 
107079 
107080 
107081 
107094 
107095 
107096 
107097 
107098 
107099 
107100 
107101 
107102 
107103 
107104 
107105 
107138 
107139 
107140 
107142 
107143 
107144 
107148 
107149 
107150 
107184 
107185 
107186 
107191 
107192 
107193 
107194 
107195 
107196 
107223 
107224 
107225 
107229 
107230 
107231 
107415 
107416 
107417 
107429 
107430 
107431 
107550 
107563 
107564 
107565 
107566 
107567 
107568 
107575 
107576 
107577 
107581 
107582 
107583 
107604 
107605 
107606 
107607 
107608 
107609 
91637 
91639 
91641 
91722 
91724 
91726 
91728 
91730 
91732 
91734 
91776 
91778 
91780 
91782 
91784 
91786 
91788 
91831 
91833 
91835 
91837 
91839 
91841 
91881 
92021 
92103 
92105 
92185 
92189 
92309 
92389 
92454 
92455 
92459 
92460 
92461 
92465 
92466 
92467 
92471 
92472 
92473 
92479 
92480 
92542 
92543 
92619 
92690 
92694 
92695 
92696 
92700 
92701 
92702 
92706 
92707 
92708 
92712 
92713 
92714 
92718 
92719 
92720 
92724 
92725 
92726 
92785 
92819 
92820 
92824 
92825 
92826 
92830 
92831 
92832 
92836 
92837 
92838 
92842 
92843 
92844 
92848 
92849 
92850 
92854 
92855 
92856 
92879 
92958 
92979 
93055 
93136 
93220 
93301 
93343 
93549 
93550 
93551 
93558 
93559 
93560 
93564 
93565 
93566 
93607 
93608 
93609 
93693 
93694 
93871 
93872 
93873 
93877 
93878 
93879 
93883 
93884 
93885 
93889 
93890 
93891 
93895 
93896 
93897 
93901 
93902 
93903 
93911 
93912 
94079 
94084 
94085 
94086 
94090 
94091 
94092 
94096 
94097 
94098 
94102 
94103 
94104 
94108 
94109 
94110 
94114 
94115 
94116 
94121 
94291 
94292 
94293 
94297 
94298 
94299 
94303 
94304 
94305 
94309 
94310 
94311 
94737 
94748 
94988 
94992 
95224 
95231 
95476 
95485 
95928 
96115 
96117 
96124 
96126 
96127 
96128 
96129 
96130 
96131 
96132 
96145 
96146 
96147 
96148 
96149 
96150 
96151 
96152 
96153 
96163 
96164 
96165 
96166 
96167 
96168 
96169 
96170 
96171 
96172 
96173 
96174 
96187 
96188 
96189 
96190 
96191 
96192 
96193 
96194 
96195 
96196 
96197 
96198 
96214 
96215 
96216 
96217 
96218 
96219 
96220 
96221 
96222 
96456 
96459 
96460 
96461 
96462 
96463 
96464 
96811 
97041 
97044 
97055 
97056 
97057 
97058 
97059 
97060 
97061 
97062 
97063 
97073 
97074 
97075 
97076 
97077 
97078 
97079 
97080 
97081 
97091 
97092 
97093 
97094 
97095 
97096 
97097 
97098 
97099 
97109 
97110 
97111 
97112 
97113 
97114 
97115 
97116 
97117 
97127 
97128 
97129 
97130 
97131 
97132 
97133 
97134 
97135 
97145 
97146 
97147 
97148 
97149 
97150 
97151 
97152 
97153 
97335 
97336 
97337 
97348 
97349 
97350 
97353 
97354 
97801 
97802 
97803 
97820 
97834 
97835 
97836 
97837 
97838 
97839 
97840 
97841 
97842 
97852 
97853 
97854 
97855 
97856 
97857 
97858 
97859 
97860 
97870 
97871 
97872 
97873 
97874 
97875 
97876 
97877 
97878 
97888 
97889 
97890 
97891 
97892 
97893 
97894 
97895 
97896 
97906 
97907 
97908 
97909 
97910 
97911 
97912 
97913 
97914 
97924 
97925 
97926 
97927 
97928 
97929 
97930 
97931 
97932 
)

// ************************************************************************* //
