/*--------------------------------*- C++ -*----------------------------------*\
  =========                 |
  \\      /  F ield         | OpenFOAM: The Open Source CFD Toolbox
   \\    /   O peration     | Website:  https://openfoam.org
    \\  /    A nd           | Version:  8
     \\/     M anipulation  |
\*---------------------------------------------------------------------------*/
FoamFile
{
    version     2.0;
    format      ascii;
    class       faceSet;
    location    "constant/fluid/polyMesh/sets";
    object      negTerm_fluid;
}
// * * * * * * * * * * * * * * * * * * * * * * * * * * * * * * * * * * * * * //


1396
(
2651080 
2651082 
2651084 
2651165 
2651167 
2651169 
2651171 
2651173 
2651175 
2651219 
2651221 
2651223 
2651225 
2651227 
2651229 
2651231 
2651255 
2651276 
2651278 
2651280 
2651282 
2651284 
2651286 
2651365 
2651466 
2651470 
2651550 
2651552 
2651634 
2651777 
2651834 
2651835 
2651900 
2651901 
2651902 
2651906 
2651907 
2651908 
2651912 
2651913 
2651914 
2651919 
2651920 
2651925 
2651926 
2651988 
2652129 
2652131 
2652135 
2652136 
2652137 
2652141 
2652142 
2652143 
2652147 
2652148 
2652149 
2652153 
2652154 
2652155 
2652159 
2652160 
2652161 
2652165 
2652166 
2652167 
2652171 
2652261 
2652262 
2652265 
2652266 
2652267 
2652271 
2652272 
2652273 
2652277 
2652278 
2652279 
2652283 
2652284 
2652285 
2652289 
2652290 
2652291 
2652295 
2652296 
2652297 
2652302 
2652325 
2652404 
2652424 
2652502 
2652586 
2652670 
2652748 
2652826 
2652829 
2652931 
2652932 
2652933 
2652996 
2652997 
2652998 
2652999 
2653000 
2653001 
2653005 
2653006 
2653007 
2653011 
2653012 
2653013 
2653056 
2653058 
2653312 
2653313 
2653314 
2653318 
2653319 
2653320 
2653324 
2653325 
2653326 
2653330 
2653331 
2653332 
2653336 
2653337 
2653338 
2653342 
2653343 
2653344 
2653349 
2653350 
2653351 
2653352 
2653353 
2653421 
2653525 
2653526 
2653527 
2653531 
2653532 
2653533 
2653537 
2653538 
2653539 
2653543 
2653544 
2653545 
2653549 
2653550 
2653551 
2653555 
2653556 
2653557 
2653561 
2653562 
2653563 
2653631 
2653732 
2653733 
2653734 
2653738 
2653739 
2653740 
2653744 
2653745 
2653746 
2653750 
2653751 
2653752 
2653758 
2653759 
2653958 
2653969 
2654198 
2654205 
2654437 
2654441 
2654678 
2654687 
2654972 
2655374 
2655375 
2655376 
2655377 
2655378 
2655379 
2655380 
2655381 
2655577 
2655578 
2655579 
2655580 
2655581 
2655582 
2655583 
2655584 
2655585 
2655598 
2655599 
2655600 
2655601 
2655602 
2655603 
2655604 
2655605 
2655606 
2655619 
2655620 
2655621 
2655622 
2655623 
2655624 
2655625 
2655626 
2655627 
2655628 
2655629 
2655630 
2655643 
2655644 
2655645 
2655646 
2655647 
2655648 
2655649 
2655650 
2655651 
2655667 
2655668 
2655669 
2655670 
2655671 
2655672 
2655678 
2655679 
2655914 
2656465 
2656468 
2656474 
2656476 
2656490 
2656491 
2656492 
2656493 
2656494 
2656495 
2656496 
2656497 
2656498 
2656508 
2656509 
2656510 
2656511 
2656512 
2656513 
2656514 
2656515 
2656516 
2656526 
2656527 
2656528 
2656529 
2656530 
2656531 
2656532 
2656533 
2656534 
2656544 
2656545 
2656546 
2656547 
2656548 
2656549 
2656550 
2656551 
2656552 
2656562 
2656563 
2656564 
2656565 
2656566 
2656567 
2656568 
2656569 
2656570 
2656580 
2656581 
2656582 
2656583 
2656584 
2656585 
2656586 
2656587 
2656588 
2656601 
2656602 
2656603 
2656605 
2656888 
2656889 
2656890 
2656891 
2657269 
2657270 
2657271 
2657272 
2657273 
2657274 
2657275 
2657276 
2657277 
2657287 
2657288 
2657289 
2657290 
2657291 
2657292 
2657293 
2657294 
2657295 
2657305 
2657306 
2657307 
2657308 
2657309 
2657310 
2657311 
2657312 
2657313 
2657323 
2657324 
2657325 
2657326 
2657327 
2657328 
2657329 
2657330 
2657331 
2657341 
2657342 
2657343 
2657344 
2657345 
2657346 
2657347 
2657348 
2657349 
2657359 
2657360 
2657361 
2657362 
2657363 
2657364 
2657365 
2657366 
2657367 
2657377 
2657379 
2657912 
2657913 
2657919 
2658255 
2658256 
2658257 
2658258 
2658259 
2658260 
2658262 
2658503 
2658504 
2658505 
2658506 
2658507 
2658508 
2658509 
2658761 
2658762 
2658763 
2658764 
2658765 
2658766 
2658767 
2659019 
2659020 
2659021 
2659022 
2659023 
2659027 
2659028 
2659348 
2659358 
2659685 
2659686 
2659688 
2659689 
2659690 
2659691 
2659698 
2659699 
2659712 
2659715 
2659719 
2659722 
2659729 
2659736 
2659742 
2659761 
2659767 
2659783 
2659796 
2659797 
2659803 
2659804 
2659805 
2659816 
2659818 
2659820 
2659840 
2659842 
2659843 
2659844 
2659845 
2659846 
2659847 
2659865 
2659867 
2659882 
2659884 
2659885 
2659886 
2659893 
2659894 
2659895 
2659896 
2659920 
2659923 
2659942 
2659947 
2659948 
2659951 
2659952 
2659953 
2659954 
2659955 
2659956 
2659960 
2659962 
2659964 
2659965 
2659966 
2659987 
2659990 
2659991 
2659992 
2659993 
2659994 
2659995 
2659996 
2659997 
2660001 
2660003 
2660004 
2660012 
2660018 
2660025 
2660050 
2660059 
2660080 
2660096 
2660099 
2660105 
2660109 
2660140 
2660143 
2660144 
2660145 
2660146 
2660147 
2660148 
2660149 
2660150 
2660151 
2660152 
2660181 
2660182 
2660183 
2660190 
2660191 
2660192 
2660202 
2660207 
2660208 
2660211 
2660212 
2660213 
2660214 
2660215 
2660216 
2660245 
2660248 
2660252 
2660254 
2660259 
2660378 
2660430 
2660431 
2660432 
2660436 
2660438 
2660439 
2660469 
2660472 
2660480 
2660481 
2660483 
2660485 
2660488 
2660517 
2660518 
2660519 
2660520 
2660521 
2660522 
2660523 
2660524 
2660525 
2660526 
2660527 
2660528 
2660541 
2660542 
2660543 
2660544 
2660545 
2660546 
2660547 
2660548 
2660549 
2660550 
2660565 
2660566 
2660567 
2660569 
2660570 
2660572 
2660574 
2660578 
2660583 
2660586 
2660618 
2660621 
2660622 
2660660 
2660662 
2660663 
2660664 
2660665 
2660670 
2660671 
2660683 
2660684 
2660686 
2660694 
2660695 
2660696 
2660700 
2660701 
2660702 
2660707 
2660708 
2660710 
2660723 
2660724 
2660740 
2660741 
2660742 
2660749 
2660751 
2660835 
2660836 
2660846 
2660847 
2660880 
2660885 
2660886 
2660887 
2660894 
2660895 
2660896 
2660897 
2660898 
2660899 
2660937 
2660938 
2660939 
2660940 
2660941 
2660942 
2660950 
2660951 
2660952 
2660955 
2660958 
2660966 
2661024 
2661065 
2661066 
2661067 
2661096 
2661097 
2661098 
2661099 
2661100 
2661101 
2661134 
2661135 
2661136 
2661143 
2661184 
2661185 
2661186 
2661262 
2661264 
2661311 
2661323 
2661376 
2661379 
2661387 
2661443 
2661445 
2661468 
2661471 
2661472 
2661480 
2661491 
2661492 
2661493 
2661507 
2661509 
2661534 
2661535 
2661536 
2661537 
2661538 
2661539 
2661553 
2661597 
2661599 
2661601 
2661611 
2661612 
2661613 
2661635 
2661637 
2661640 
2661642 
2661643 
2661644 
2661646 
2661656 
2661667 
2661669 
2661671 
2661689 
2661690 
2661691 
2661695 
2661696 
2661697 
2661701 
2661706 
2661707 
2661734 
2661738 
2661743 
2661744 
2661751 
2661752 
2661753 
2661757 
2661758 
2661789 
2661791 
2661793 
2661818 
2661819 
2661820 
2661840 
2661842 
2661844 
2661868 
2661949 
2661988 
2661998 
2662029 
2662031 
2662033 
2662035 
2662036 
2662037 
2662070 
2662071 
2662072 
2662078 
2662079 
2662080 
2662085 
2662086 
2662088 
2662089 
2662090 
2662104 
2662107 
2662108 
2662142 
2662143 
2662144 
2662149 
2662151 
2662152 
2662153 
2662154 
2662156 
2662157 
2662159 
2662166 
2662168 
2662198 
2662201 
2662204 
2662206 
2662208 
2662211 
2662215 
2662217 
2662240 
2662243 
2662247 
2662249 
2662251 
2662254 
2662257 
2662259 
2662282 
2662284 
2662330 
2662333 
2662355 
2662417 
2662422 
2662423 
2662474 
2662475 
2662476 
2662486 
2662487 
2662488 
2662494 
2662495 
2662496 
2662501 
2662502 
2662552 
2662555 
2662577 
2662822 
2662907 
2662908 
2662909 
2662911 
2662912 
2662914 
2662918 
2662972 
2662973 
2662975 
2662980 
2662981 
2662982 
2662984 
2662988 
2662993 
2662994 
2662995 
2662996 
2662998 
2662999 
2663000 
2663001 
2663005 
2663008 
2663009 
2663011 
2663055 
2663056 
2663057 
2663058 
2663059 
2663060 
2663061 
2663062 
2663063 
2663064 
2663065 
2663066 
2663067 
2663068 
2663069 
2663070 
2663071 
2663072 
2663073 
2663074 
2663075 
2663076 
2663077 
2663078 
2663103 
2663104 
2663105 
2663106 
2663107 
2663108 
2663109 
2663110 
2663111 
2663112 
2663113 
2663114 
2663115 
2663116 
2663117 
2663118 
2663119 
2663120 
2663121 
2663123 
2663124 
2663126 
2663151 
2663152 
2663153 
2663155 
2663156 
2663157 
2663158 
2663163 
2663166 
2663167 
2663169 
2663172 
2663173 
2663175 
2663180 
2663181 
2663182 
2663184 
2663187 
2663192 
2663249 
2663250 
2663251 
2663256 
2663258 
2663267 
2663488 
2663489 
2663490 
2663495 
2663497 
2663528 
2663529 
2663530 
2663539 
2663541 
2663595 
2663598 
2663650 
2663653 
2663717 
2663737 
2663788 
2663789 
2663790 
2663791 
2663792 
2663793 
2663797 
2663798 
2663799 
2663803 
2663804 
2663805 
2663806 
2663807 
2663808 
2663812 
2663813 
2663814 
2663818 
2663819 
2663820 
2663821 
2663822 
2663823 
2663827 
2663828 
2663829 
2663833 
2663834 
2663835 
2663839 
2663840 
2663841 
2663845 
2663846 
2663847 
2663851 
2663852 
2663853 
2663860 
2663861 
2663862 
2663866 
2663867 
2663868 
2663872 
2663873 
2663874 
2663880 
2663886 
2663890 
2663891 
2663892 
2663896 
2663897 
2663898 
2663902 
2663903 
2663904 
2663908 
2663909 
2663910 
2663917 
2663918 
2663919 
2663923 
2663924 
2663925 
2663948 
2663949 
2663950 
2663954 
2663955 
2663956 
2663957 
2663958 
2663959 
2663966 
2663967 
2663968 
2663969 
2663970 
2663971 
2663972 
2663973 
2663974 
2663978 
2663979 
2663980 
2663984 
2663985 
2663986 
2663987 
2663988 
2663989 
2663990 
2663991 
2663992 
2664037 
2664053 
2664054 
2664063 
2664064 
2664065 
2664084 
2664085 
2664086 
2664087 
2664088 
2664089 
2664090 
2664091 
2664092 
2664093 
2664094 
2664095 
2664102 
2664103 
2664104 
2664105 
2664106 
2664107 
2664114 
2664115 
2664116 
2664117 
2664118 
2664119 
2664130 
2664131 
2664132 
2664133 
2664134 
2664135 
2664183 
2664184 
2664185 
2664198 
2664199 
2664200 
2664243 
2664244 
2664245 
2664252 
2664253 
2664254 
2664388 
2664389 
2664390 
2664391 
2664392 
2664393 
2664402 
2664403 
2664404 
2664405 
2664406 
2664407 
2664446 
2664447 
2664448 
2664449 
2664450 
2664451 
2664452 
2664453 
2664454 
2664464 
2664465 
2664466 
2664476 
2664477 
2664478 
2664479 
2664480 
2664481 
2664482 
2664483 
2664484 
2664494 
2664495 
2664496 
2664497 
2664498 
2664499 
2664506 
2664507 
2664508 
2664509 
2664510 
2664511 
2664531 
2664532 
2664533 
2664539 
2664540 
2664541 
2664542 
2664543 
2664544 
2664676 
2664677 
2664678 
2664680 
2664681 
2664710 
2664711 
2664712 
2664783 
2664784 
2664785 
2664786 
2664787 
2664788 
2664841 
2664842 
2664843 
2664847 
2664848 
2664849 
2664853 
2664854 
2664856 
2664857 
2664858 
2664943 
2664944 
2664945 
2664946 
2664947 
2664948 
2664977 
2664978 
2664979 
2664980 
2664981 
2664982 
2664989 
2664990 
2664991 
2665002 
2665003 
2665004 
2665011 
2665012 
2665013 
2665057 
2665058 
2665059 
2665060 
2665061 
2665062 
2665063 
2665064 
2665065 
2665080 
2665081 
2665082 
2665086 
2665087 
2665088 
2665089 
2665090 
2665091 
2665139 
2665140 
2665141 
2665142 
2665143 
2665144 
2665145 
2665146 
2665147 
2665148 
2665149 
2665150 
2665151 
2665152 
2665153 
2665174 
2665175 
2665176 
2665221 
2665222 
2665223 
2665224 
2665225 
2665226 
2665231 
2665232 
2665233 
2665240 
2665241 
2665242 
2665243 
2665244 
2665245 
2665352 
2665353 
2665354 
2665358 
2665359 
2665360 
2665361 
2665362 
2665363 
2665368 
2665369 
2665370 
2665388 
2665393 
2665394 
2665395 
2665439 
2665440 
2665441 
2665463 
2665464 
2665465 
2665514 
2665515 
2665516 
2665532 
2665533 
2665534 
2665553 
2665554 
2665555 
2665559 
2665560 
2665561 
2665592 
2665593 
2665594 
2665620 
2665621 
2665622 
2665637 
2665638 
2665639 
2665650 
2665655 
2665656 
2665657 
2665696 
2665697 
2665698 
2665739 
2665740 
2665741 
2665742 
2665743 
2665744 
2665745 
2665746 
2665747 
2665748 
2665749 
2665750 
2665751 
2665752 
2665753 
2665754 
2665755 
2665756 
2665802 
2665803 
2665804 
2665805 
2665806 
2665807 
2665812 
2665813 
2665814 
2665815 
2665816 
2665817 
2665828 
2665829 
2665830 
2665838 
2665839 
2665840 
2665867 
2665868 
2665869 
2665876 
2665877 
2665878 
2665917 
2665918 
2665919 
2665920 
2665921 
2665922 
2665927 
2665929 
2665975 
2665976 
2665977 
2665978 
2665979 
2665980 
2665981 
2665982 
2665983 
2666013 
2666014 
2666015 
2666025 
2666026 
2666027 
2666028 
2666029 
2666030 
2666057 
2666058 
2666059 
2666060 
2666061 
2666062 
2666094 
2666095 
2666096 
2666097 
2666098 
2666099 
2666104 
2666105 
2666106 
2666198 
2666297 
2666391 
2666392 
2666393 
2666398 
2666399 
2666400 
2666401 
2666402 
2666403 
2666458 
2666459 
2666460 
2666464 
2666465 
2666466 
2666502 
2666503 
2666504 
2666505 
2666506 
2666507 
2666508 
2666509 
2666510 
2666511 
2666512 
2666513 
2666526 
2666527 
2666528 
2666529 
2666530 
2666531 
2666532 
2666533 
2666534 
2666535 
2666536 
2666537 
2666550 
2666551 
2666552 
2666554 
2666555 
2666556 
2666560 
2666561 
2666562 
2666660 
2666661 
2666662 
2666670 
2666671 
2666672 
2666709 
2666750 
2666751 
2666752 
2666774 
2666775 
2666776 
2666777 
2666778 
2666779 
2666780 
2666781 
2666782 
2666845 
2666846 
2666847 
2666978 
2667022 
2667023 
2667024 
2667032 
2667033 
2667034 
2667035 
2667036 
2667037 
)

// ************************************************************************* //
