/*--------------------------------*- C++ -*----------------------------------*\
  =========                 |
  \\      /  F ield         | OpenFOAM: The Open Source CFD Toolbox
   \\    /   O peration     | Website:  https://openfoam.org
    \\  /    A nd           | Version:  8
     \\/     M anipulation  |
\*---------------------------------------------------------------------------*/
FoamFile
{
    version     2.0;
    format      ascii;
    class       faceSet;
    location    "constant/fluid/polyMesh/sets";
    object      posTerm_fluid;
}
// * * * * * * * * * * * * * * * * * * * * * * * * * * * * * * * * * * * * * //


1404
(
2651081 
2651083 
2651085 
2651166 
2651168 
2651170 
2651172 
2651174 
2651176 
2651178 
2651220 
2651222 
2651224 
2651226 
2651228 
2651230 
2651232 
2651275 
2651277 
2651279 
2651281 
2651283 
2651285 
2651325 
2651465 
2651547 
2651549 
2651629 
2651633 
2651753 
2651833 
2651898 
2651899 
2651903 
2651904 
2651905 
2651909 
2651910 
2651911 
2651915 
2651916 
2651917 
2651923 
2651924 
2651986 
2651987 
2652063 
2652134 
2652138 
2652139 
2652140 
2652144 
2652145 
2652146 
2652150 
2652151 
2652152 
2652156 
2652157 
2652158 
2652162 
2652163 
2652164 
2652168 
2652169 
2652170 
2652229 
2652263 
2652264 
2652268 
2652269 
2652270 
2652274 
2652275 
2652276 
2652280 
2652281 
2652282 
2652286 
2652287 
2652288 
2652292 
2652293 
2652294 
2652298 
2652299 
2652300 
2652323 
2652402 
2652423 
2652499 
2652580 
2652664 
2652745 
2652787 
2652993 
2652994 
2652995 
2653002 
2653003 
2653004 
2653008 
2653009 
2653010 
2653051 
2653052 
2653053 
2653137 
2653138 
2653315 
2653316 
2653317 
2653321 
2653322 
2653323 
2653327 
2653328 
2653329 
2653333 
2653334 
2653335 
2653339 
2653340 
2653341 
2653345 
2653346 
2653347 
2653355 
2653356 
2653523 
2653528 
2653529 
2653530 
2653534 
2653535 
2653536 
2653540 
2653541 
2653542 
2653546 
2653547 
2653548 
2653552 
2653553 
2653554 
2653558 
2653559 
2653560 
2653565 
2653735 
2653736 
2653737 
2653741 
2653742 
2653743 
2653747 
2653748 
2653749 
2653753 
2653754 
2653755 
2654181 
2654192 
2654432 
2654436 
2654668 
2654675 
2654920 
2654929 
2655372 
2655559 
2655561 
2655568 
2655570 
2655571 
2655572 
2655573 
2655574 
2655575 
2655576 
2655589 
2655590 
2655591 
2655592 
2655593 
2655594 
2655595 
2655596 
2655597 
2655607 
2655608 
2655609 
2655610 
2655611 
2655612 
2655613 
2655614 
2655615 
2655616 
2655617 
2655618 
2655631 
2655632 
2655633 
2655634 
2655635 
2655636 
2655637 
2655638 
2655639 
2655640 
2655641 
2655642 
2655658 
2655659 
2655660 
2655661 
2655662 
2655663 
2655664 
2655665 
2655666 
2655900 
2655903 
2655904 
2655905 
2655906 
2655907 
2655908 
2656255 
2656485 
2656488 
2656499 
2656500 
2656501 
2656502 
2656503 
2656504 
2656505 
2656506 
2656507 
2656517 
2656518 
2656519 
2656520 
2656521 
2656522 
2656523 
2656524 
2656525 
2656535 
2656536 
2656537 
2656538 
2656539 
2656540 
2656541 
2656542 
2656543 
2656553 
2656554 
2656555 
2656556 
2656557 
2656558 
2656559 
2656560 
2656561 
2656571 
2656572 
2656573 
2656574 
2656575 
2656576 
2656577 
2656578 
2656579 
2656589 
2656590 
2656591 
2656592 
2656593 
2656594 
2656595 
2656596 
2656597 
2656779 
2656780 
2656781 
2656792 
2656793 
2656794 
2656797 
2656798 
2657245 
2657246 
2657247 
2657264 
2657278 
2657279 
2657280 
2657281 
2657282 
2657283 
2657284 
2657285 
2657286 
2657296 
2657297 
2657298 
2657299 
2657300 
2657301 
2657302 
2657303 
2657304 
2657314 
2657315 
2657316 
2657317 
2657318 
2657319 
2657320 
2657321 
2657322 
2657332 
2657333 
2657334 
2657335 
2657336 
2657337 
2657338 
2657339 
2657340 
2657350 
2657351 
2657352 
2657353 
2657354 
2657355 
2657356 
2657357 
2657358 
2657368 
2657369 
2657370 
2657371 
2657372 
2657373 
2657374 
2657375 
2657376 
2657802 
2657816 
2658237 
2658243 
2658244 
2658251 
2658487 
2658488 
2658489 
2658495 
2658497 
2658501 
2658502 
2658740 
2658741 
2658742 
2658749 
2658750 
2658757 
2658759 
2658998 
2658999 
2659000 
2659006 
2659008 
2659016 
2659017 
2659324 
2659325 
2659326 
2659330 
2659331 
2659338 
2659339 
2659619 
2659620 
2659634 
2659639 
2659692 
2659693 
2659694 
2659732 
2659748 
2659754 
2659773 
2659779 
2659786 
2659801 
2659802 
2659807 
2659809 
2659810 
2659812 
2659813 
2659814 
2659822 
2659825 
2659827 
2659830 
2659831 
2659841 
2659854 
2659855 
2659856 
2659876 
2659877 
2659880 
2659887 
2659890 
2659891 
2659892 
2659902 
2659903 
2659904 
2659909 
2659915 
2659918 
2659925 
2659929 
2659957 
2659958 
2659959 
2660014 
2660034 
2660041 
2660066 
2660075 
2660082 
2660124 
2660127 
2660131 
2660133 
2660137 
2660159 
2660164 
2660165 
2660168 
2660171 
2660172 
2660173 
2660174 
2660175 
2660176 
2660177 
2660178 
2660179 
2660180 
2660184 
2660185 
2660186 
2660187 
2660188 
2660189 
2660193 
2660194 
2660195 
2660217 
2660219 
2660221 
2660222 
2660223 
2660230 
2660235 
2660236 
2660239 
2660240 
2660241 
2660242 
2660243 
2660244 
2660273 
2660276 
2660280 
2660282 
2660287 
2660375 
2660404 
2660408 
2660447 
2660450 
2660451 
2660452 
2660453 
2660454 
2660458 
2660460 
2660461 
2660491 
2660492 
2660493 
2660495 
2660498 
2660506 
2660507 
2660509 
2660511 
2660516 
2660529 
2660530 
2660531 
2660532 
2660533 
2660534 
2660535 
2660536 
2660537 
2660538 
2660539 
2660540 
2660553 
2660554 
2660555 
2660556 
2660557 
2660558 
2660559 
2660560 
2660561 
2660562 
2660563 
2660564 
2660591 
2660592 
2660593 
2660595 
2660596 
2660598 
2660600 
2660607 
2660609 
2660612 
2660628 
2660629 
2660630 
2660634 
2660636 
2660637 
2660640 
2660643 
2660644 
2660690 
2660691 
2660693 
2660697 
2660698 
2660699 
2660703 
2660704 
2660705 
2660714 
2660715 
2660717 
2660729 
2660730 
2660734 
2660735 
2660737 
2660738 
2660739 
2660743 
2660744 
2660745 
2660756 
2660758 
2660762 
2660763 
2660842 
2660844 
2660845 
2660855 
2660856 
2660979 
2661037 
2661087 
2661088 
2661089 
2661110 
2661120 
2661121 
2661122 
2661123 
2661124 
2661125 
2661131 
2661132 
2661133 
2661137 
2661138 
2661139 
2661153 
2661154 
2661155 
2661156 
2661157 
2661158 
2661168 
2661204 
2661206 
2661289 
2661305 
2661307 
2661350 
2661367 
2661369 
2661397 
2661398 
2661399 
2661400 
2661401 
2661402 
2661412 
2661415 
2661423 
2661447 
2661448 
2661449 
2661463 
2661465 
2661474 
2661475 
2661477 
2661478 
2661485 
2661486 
2661488 
2661511 
2661512 
2661513 
2661527 
2661529 
2661562 
2661565 
2661570 
2661571 
2661572 
2661573 
2661574 
2661575 
2661589 
2661678 
2661680 
2661682 
2661714 
2661715 
2661716 
2661720 
2661721 
2661722 
2661726 
2661731 
2661732 
2661759 
2661763 
2661768 
2661769 
2661776 
2661777 
2661778 
2661782 
2661783 
2661800 
2661802 
2661804 
2661830 
2661831 
2661832 
2661833 
2661835 
2661837 
2661846 
2661848 
2661850 
2661860 
2661861 
2661862 
2661883 
2661964 
2662004 
2662009 
2662014 
2662020 
2662022 
2662024 
2662026 
2662027 
2662028 
2662038 
2662040 
2662043 
2662045 
2662046 
2662047 
2662049 
2662054 
2662059 
2662182 
2662184 
2662219 
2662222 
2662225 
2662227 
2662229 
2662232 
2662236 
2662238 
2662261 
2662264 
2662268 
2662270 
2662272 
2662275 
2662278 
2662280 
2662298 
2662300 
2662375 
2662378 
2662400 
2662431 
2662432 
2662433 
2662439 
2662440 
2662441 
2662446 
2662447 
2662463 
2662468 
2662469 
2662471 
2662472 
2662473 
2662477 
2662478 
2662479 
2662517 
2662520 
2662521 
2662532 
2662533 
2662540 
2662541 
2662542 
2662547 
2662548 
2662597 
2662600 
2662622 
2662803 
2662804 
2662866 
2662871 
2662941 
2662942 
2662943 
2662948 
2662950 
2662951 
2662952 
2662953 
2662955 
2662956 
2662958 
2662962 
2663014 
2663015 
2663017 
2663022 
2663023 
2663024 
2663026 
2663030 
2663035 
2663036 
2663037 
2663038 
2663040 
2663041 
2663042 
2663043 
2663048 
2663050 
2663052 
2663054 
2663079 
2663080 
2663081 
2663082 
2663083 
2663084 
2663085 
2663086 
2663087 
2663088 
2663089 
2663090 
2663091 
2663092 
2663093 
2663094 
2663095 
2663096 
2663097 
2663098 
2663099 
2663100 
2663101 
2663102 
2663127 
2663128 
2663129 
2663130 
2663131 
2663132 
2663133 
2663134 
2663135 
2663136 
2663137 
2663138 
2663139 
2663140 
2663141 
2663142 
2663143 
2663144 
2663145 
2663146 
2663147 
2663148 
2663149 
2663150 
2663193 
2663194 
2663195 
2663197 
2663198 
2663199 
2663200 
2663206 
2663208 
2663210 
2663212 
2663214 
2663215 
2663217 
2663222 
2663223 
2663224 
2663226 
2663229 
2663234 
2663270 
2663271 
2663272 
2663274 
2663275 
2663277 
2663293 
2663294 
2663295 
2663300 
2663302 
2663311 
2663510 
2663511 
2663512 
2663517 
2663550 
2663551 
2663552 
2663561 
2663563 
2663609 
2663622 
2663632 
2663639 
2663687 
2663694 
2663701 
2663714 
2663727 
2663747 
2663794 
2663795 
2663796 
2663800 
2663801 
2663802 
2663809 
2663810 
2663811 
2663815 
2663816 
2663817 
2663824 
2663825 
2663826 
2663830 
2663831 
2663832 
2663836 
2663837 
2663838 
2663842 
2663843 
2663844 
2663848 
2663849 
2663850 
2663854 
2663855 
2663856 
2663857 
2663858 
2663859 
2663863 
2663864 
2663865 
2663869 
2663870 
2663871 
2663875 
2663876 
2663877 
2663889 
2663893 
2663894 
2663895 
2663899 
2663900 
2663901 
2663905 
2663906 
2663907 
2663911 
2663912 
2663913 
2663914 
2663915 
2663916 
2663920 
2663921 
2663922 
2663926 
2663927 
2663928 
2663929 
2663930 
2663931 
2663960 
2663961 
2663962 
2663963 
2663964 
2663965 
2663975 
2663976 
2663977 
2663981 
2663982 
2663983 
2663993 
2663994 
2663995 
2663996 
2663997 
2663998 
2663999 
2664000 
2664001 
2664039 
2664040 
2664041 
2664060 
2664061 
2664096 
2664097 
2664098 
2664099 
2664100 
2664101 
2664108 
2664109 
2664110 
2664111 
2664112 
2664113 
2664120 
2664121 
2664122 
2664123 
2664124 
2664125 
2664216 
2664217 
2664218 
2664226 
2664227 
2664228 
2664271 
2664272 
2664273 
2664285 
2664286 
2664287 
2664423 
2664424 
2664425 
2664434 
2664435 
2664436 
2664437 
2664438 
2664439 
2664440 
2664441 
2664442 
2664443 
2664444 
2664445 
2664455 
2664456 
2664457 
2664458 
2664459 
2664460 
2664461 
2664462 
2664463 
2664467 
2664468 
2664469 
2664470 
2664471 
2664472 
2664473 
2664474 
2664475 
2664485 
2664486 
2664487 
2664488 
2664489 
2664490 
2664491 
2664492 
2664493 
2664500 
2664501 
2664502 
2664503 
2664504 
2664505 
2664555 
2664556 
2664557 
2664564 
2664565 
2664566 
2664567 
2664568 
2664569 
2664570 
2664571 
2664572 
2664573 
2664574 
2664575 
2664616 
2664698 
2664699 
2664700 
2664745 
2664747 
2664748 
2664749 
2664814 
2664815 
2664816 
2664835 
2664836 
2664837 
2664844 
2664845 
2664846 
2664850 
2664851 
2664852 
2664888 
2664889 
2664890 
2664966 
2664967 
2664968 
2664969 
2664970 
2664971 
2665014 
2665015 
2665016 
2665017 
2665018 
2665019 
2665020 
2665021 
2665022 
2665023 
2665024 
2665025 
2665038 
2665039 
2665040 
2665045 
2665046 
2665047 
2665054 
2665055 
2665056 
2665098 
2665099 
2665100 
2665101 
2665102 
2665103 
2665107 
2665108 
2665109 
2665124 
2665125 
2665126 
2665133 
2665134 
2665135 
2665136 
2665137 
2665138 
2665180 
2665181 
2665182 
2665183 
2665184 
2665185 
2665192 
2665193 
2665194 
2665195 
2665196 
2665197 
2665201 
2665202 
2665203 
2665218 
2665219 
2665220 
2665258 
2665259 
2665260 
2665261 
2665262 
2665263 
2665268 
2665269 
2665270 
2665277 
2665278 
2665279 
2665286 
2665287 
2665288 
2665316 
2665317 
2665318 
2665319 
2665320 
2665321 
2665454 
2665455 
2665456 
2665478 
2665479 
2665480 
2665525 
2665526 
2665527 
2665538 
2665539 
2665540 
2665541 
2665542 
2665543 
2665547 
2665548 
2665549 
2665562 
2665563 
2665564 
2665569 
2665570 
2665571 
2665575 
2665576 
2665577 
2665581 
2665582 
2665583 
2665606 
2665607 
2665608 
2665634 
2665635 
2665636 
2665641 
2665646 
2665647 
2665648 
2665664 
2665665 
2665666 
2665690 
2665691 
2665692 
2665702 
2665703 
2665704 
2665847 
2665848 
2665849 
2665857 
2665858 
2665859 
2665886 
2665887 
2665888 
2665895 
2665896 
2665897 
2665955 
2665956 
2665957 
2665958 
2665959 
2665960 
2665965 
2666001 
2666002 
2666003 
2666004 
2666005 
2666006 
2666007 
2666008 
2666009 
2666010 
2666011 
2666012 
2666016 
2666017 
2666018 
2666019 
2666020 
2666021 
2666022 
2666023 
2666024 
2666031 
2666032 
2666033 
2666034 
2666035 
2666036 
2666037 
2666038 
2666039 
2666063 
2666064 
2666065 
2666066 
2666067 
2666068 
2666088 
2666089 
2666090 
2666091 
2666092 
2666093 
2666130 
2666131 
2666132 
2666133 
2666134 
2666135 
2666140 
2666142 
2666180 
2666200 
2666216 
2666292 
2666293 
2666294 
2666360 
2666421 
2666422 
2666423 
2666428 
2666429 
2666430 
2666431 
2666432 
2666433 
2666470 
2666471 
2666472 
2666490 
2666491 
2666492 
2666496 
2666497 
2666498 
2666514 
2666515 
2666516 
2666517 
2666518 
2666519 
2666520 
2666521 
2666522 
2666523 
2666524 
2666525 
2666538 
2666539 
2666540 
2666541 
2666542 
2666543 
2666544 
2666545 
2666546 
2666547 
2666548 
2666549 
2666582 
2666583 
2666584 
2666586 
2666587 
2666588 
2666592 
2666593 
2666594 
2666628 
2666629 
2666630 
2666635 
2666636 
2666637 
2666638 
2666639 
2666640 
2666667 
2666668 
2666669 
2666673 
2666674 
2666675 
2666859 
2666860 
2666861 
2666873 
2666874 
2666875 
2666994 
2667007 
2667008 
2667009 
2667010 
2667011 
2667012 
2667019 
2667020 
2667021 
2667025 
2667026 
2667027 
2667048 
2667049 
2667050 
2667051 
2667052 
2667053 
)

// ************************************************************************* //
